3
2000 6000
2002 5000
2004 5500
11
2000 2001
2000 2002
2000 2003
2000 2004
2000 2005
2001 2002
2001 2003
2002 2003
2002 2004
2002 2005
2004 2005

3
2000 50
2001 5
2003 10
10
2000 2001
2000 2002
2000 2003
2001 2002
2001 2003
2000 2004
2001 2004
1998 2000
1998 2001
1998 2002

5
-2000 18
2000 36
2002 19
2003 20
2004 18
10
-2000 2000
-3000 2000
-1000 2000
2000 2002
2000 2003
2000 2004
2003 2004
-10000 10000
2002 10000
-9999 10000

1
2000 36
4
1999 2000
2000 2001
2001 2002
1998 1999

4
2002 4920
2003 5901
2004 2832
2005 3890
2
2002 2005
2003 2005

3
1985 5782
1995 3048
2005 4890
2
1985 2005
2005 2015

3
2000 50
2001 50
2002 50
4
2000 2001
2000 2002
2001 2003
1999 2001

3
2000 50
2001 50
2004 49
4
2000 2002 
2000 2004
2000 2005
1999 2001

3
2000 50
2001 49
2002 50
4
2000 2001
2000 2002
2000 2003
1999 2003

3
1997 50
2000 60
2002 50
2
1996 2002
1998 2002

3
2000 500
2001 300
2002 250
1
2000 2003

0
0